00 00 00 00
00 00 00 00
00 00 00 00
00 00 00 00
00 00 00 00
00 00 00 00
00 00 00 00
00 00 00 00
00 00 00 00
20 04 10 00
00 04 24 00
20 10 00 10
ac 90 00 00
20 11 00 1f
ac 91 00 04
02 11 90 20
ac 92 00 08
02 51 98 22
ac 93 00 0c
02 11 a0 24
ac 94 00 10
32 15 00 0f
ac 95 00 14
02 11 b0 26
ac 96 00 18
02 16 b8 25
ac 97 00 1c
02 16 40 27
ac 88 00 20
01 00 48 27
ac 89 00 24
20 10 7f ff
00 10 80 40
22 10 00 01
ac 90 00 28
00 10 88 42
ac 91 00 2c
8c 90 00 28
ac 90 00 30
84 91 00 28
ac 91 00 34
a4 91 00 38
02 30 40 2a
2a 29 ff ff
0c 10 00 33
00 00 00 00
20 10 00 40
00 10 84 00
22 10 01 00
02 00 f8 09
00 00 00 00
20 10 01 aa
ac 90 00 3c
03 e0 00 08
15 00 00 00
20 10 77 d6
ac 90 00 40
00 00 00 00
00 00 00 00
00 00 00 00
00 00 00 00
00 00 00 00
00 00 00 00
00 00 00 00
11 20 ff f5
00 00 00 00
00 00 00 00
00 00 00 00
00 00 00 00
00 00 00 00
